GFS 84 h forecast valid for grid point 5.5 nm / 309 deg from 32.9426678,-106.914827:
GFS         18      14      May    2022
   CAPE      0    CIN      0  Helic  99999     PW      4
      1  23062  99999  33.00 107.00  99999  99999
      2  99999  99999  99999     35  99999  99999
      3           32.9426678,-106.914   12     kt
      9  10000     97    380    -92     20      8
      4   9750    314    366   -101     20      8
      4   9500    537    352   -111     20      8
      4   9250    768    337   -122     19      8
      4   9000   1006    321   -132     19      8
      4   8500   1509    284   -155     21      8
      4   8000   2040    229   -166     38      8
      4   7500   2594    174   -177     62      7
      4   7000   3175    120   -188     79      7
      4   6500   3789     68   -212    134      4
      4   6000   4438      9   -240    159      2
      4   5500   5129    -36   -419     37      3
      4   5000   5875    -88   -471     43      5
      4   4500   6679   -158   -468     14      6
      4   4000   7554   -233   -487    355      6
      4   3500   8514   -311   -515     18      4
      4   3000   9586   -401   -622    319     10
      4   2500  10808   -480   -643    304     43
      4   2000  12247   -578   -669    295     65
      4   1500  14023   -649   -750    291     62
      4   1000  16481   -654   -834    286     39
      4    700  18649   -666   -857    280     26
      4    500  20707   -614   -876    265      5
      4    300  23937   -547   -907    247      6
      4    200  26544   -523   -928    182      9
      4    100  31167   -398  99999    124     14
      4     70  33648   -332  99999    116     18
      4     50  36042   -266  99999    112     14
      4     30  39785   -183  99999     87     31
      4     20  42849   -107  99999     90     32
      4     10  48258    -69  99999     99     37